
A =

   -6.4000    2.4000         0         0         0
    2.4000   -4.8000    2.4000         0         0
         0    2.4000   -4.7996    2.3996         0
         0         0    2.3996   -4.8019    2.4024
         0         0         0    2.4024   -8.4095

>> H

H =

  -32.0000
         0
         0
         0
  -60.0712

>> h

h =

    8.2401
    8.6402
    9.0403
    9.4404
    9.8401

>> hexact

hexact =

    8.2202
    8.6203
    9.0204
    9.4205
    9.8203

>> deltah

deltah =

    0.0024
    0.0023
    0.0022
    0.0021
    0.0020

