rdb_fortran/2d-gw-diffusion/h30x30.grd
DSAA
  30  30
0.00000E+00 30.000    
0.00000E+00 30.000    
0.00000E+00 1.0000    
 0.100000E+01 0.100000E+01 0.100000E+01 0.100000E+01 0.100000E+01 0.100000E+01 0.100000E+01 0.100000E+01 0.100000E+01 0.100000E+01
 0.100000E+01 0.100000E+01 0.100000E+01 0.100000E+01 0.100000E+01 0.100000E+01 0.100000E+01 0.100000E+01 0.100000E+01 0.100000E+01
 0.100000E+01 0.100000E+01 0.100000E+01 0.100000E+01 0.100000E+01 0.100000E+01 0.100000E+01 0.100000E+01 0.100000E+01 0.100000E+01
 0.965393E+00 0.965392E+00 0.965390E+00 0.965387E+00 0.965382E+00 0.965377E+00 0.965370E+00 0.965363E+00 0.965354E+00 0.965344E+00
 0.965334E+00 0.965322E+00 0.965309E+00 0.965296E+00 0.965282E+00 0.965267E+00 0.965252E+00 0.965237E+00 0.965222E+00 0.965207E+00
 0.965192E+00 0.965177E+00 0.965164E+00 0.965151E+00 0.965140E+00 0.965130E+00 0.965122E+00 0.965116E+00 0.965112E+00 0.965110E+00
 0.930788E+00 0.930785E+00 0.930781E+00 0.930774E+00 0.930766E+00 0.930755E+00 0.930742E+00 0.930726E+00 0.930709E+00 0.930689E+00
 0.930668E+00 0.930645E+00 0.930620E+00 0.930593E+00 0.930565E+00 0.930535E+00 0.930505E+00 0.930474E+00 0.930444E+00 0.930413E+00
 0.930383E+00 0.930354E+00 0.930327E+00 0.930301E+00 0.930279E+00 0.930259E+00 0.930243E+00 0.930230E+00 0.930222E+00 0.930218E+00
 0.896184E+00 0.896181E+00 0.896174E+00 0.896164E+00 0.896151E+00 0.896135E+00 0.896115E+00 0.896092E+00 0.896066E+00 0.896037E+00
 0.896004E+00 0.895969E+00 0.895931E+00 0.895891E+00 0.895848E+00 0.895804E+00 0.895758E+00 0.895712E+00 0.895665E+00 0.895618E+00
 0.895573E+00 0.895529E+00 0.895487E+00 0.895449E+00 0.895414E+00 0.895384E+00 0.895360E+00 0.895341E+00 0.895328E+00 0.895321E+00
 0.861584E+00 0.861579E+00 0.861571E+00 0.861557E+00 0.861540E+00 0.861518E+00 0.861492E+00 0.861461E+00 0.861426E+00 0.861387E+00
 0.861344E+00 0.861296E+00 0.861246E+00 0.861191E+00 0.861134E+00 0.861074E+00 0.861013E+00 0.860950E+00 0.860886E+00 0.860823E+00
 0.860761E+00 0.860701E+00 0.860645E+00 0.860592E+00 0.860545E+00 0.860505E+00 0.860471E+00 0.860445E+00 0.860427E+00 0.860418E+00
 0.826988E+00 0.826982E+00 0.826972E+00 0.826955E+00 0.826933E+00 0.826906E+00 0.826873E+00 0.826834E+00 0.826790E+00 0.826741E+00
 0.826687E+00 0.826627E+00 0.826563E+00 0.826495E+00 0.826422E+00 0.826346E+00 0.826268E+00 0.826188E+00 0.826107E+00 0.826026E+00
 0.825947E+00 0.825871E+00 0.825798E+00 0.825731E+00 0.825670E+00 0.825618E+00 0.825574E+00 0.825540E+00 0.825518E+00 0.825506E+00
 0.792398E+00 0.792391E+00 0.792378E+00 0.792358E+00 0.792332E+00 0.792299E+00 0.792259E+00 0.792213E+00 0.792160E+00 0.792101E+00
 0.792035E+00 0.791963E+00 0.791885E+00 0.791802E+00 0.791714E+00 0.791621E+00 0.791525E+00 0.791427E+00 0.791328E+00 0.791228E+00
 0.791131E+00 0.791036E+00 0.790946E+00 0.790863E+00 0.790787E+00 0.790722E+00 0.790667E+00 0.790625E+00 0.790597E+00 0.790583E+00
 0.757814E+00 0.757806E+00 0.757791E+00 0.757768E+00 0.757737E+00 0.757699E+00 0.757652E+00 0.757598E+00 0.757536E+00 0.757467E+00
 0.757389E+00 0.757304E+00 0.757213E+00 0.757114E+00 0.757009E+00 0.756899E+00 0.756785E+00 0.756668E+00 0.756548E+00 0.756429E+00
 0.756311E+00 0.756196E+00 0.756087E+00 0.755986E+00 0.755895E+00 0.755815E+00 0.755748E+00 0.755697E+00 0.755662E+00 0.755645E+00
 0.723238E+00 0.723229E+00 0.723212E+00 0.723185E+00 0.723150E+00 0.723106E+00 0.723053E+00 0.722991E+00 0.722920E+00 0.722840E+00
 0.722751E+00 0.722653E+00 0.722547E+00 0.722432E+00 0.722310E+00 0.722182E+00 0.722048E+00 0.721910E+00 0.721769E+00 0.721628E+00
 0.721488E+00 0.721351E+00 0.721221E+00 0.721100E+00 0.720990E+00 0.720894E+00 0.720814E+00 0.720752E+00 0.720710E+00 0.720689E+00
 0.688670E+00 0.688660E+00 0.688641E+00 0.688612E+00 0.688572E+00 0.688523E+00 0.688463E+00 0.688394E+00 0.688313E+00 0.688223E+00
 0.688122E+00 0.688010E+00 0.687889E+00 0.687758E+00 0.687618E+00 0.687470E+00 0.687315E+00 0.687154E+00 0.686990E+00 0.686825E+00
 0.686661E+00 0.686500E+00 0.686346E+00 0.686202E+00 0.686072E+00 0.685957E+00 0.685862E+00 0.685788E+00 0.685737E+00 0.685712E+00
 0.654113E+00 0.654102E+00 0.654080E+00 0.654048E+00 0.654004E+00 0.653950E+00 0.653884E+00 0.653806E+00 0.653717E+00 0.653616E+00
 0.653502E+00 0.653377E+00 0.653241E+00 0.653092E+00 0.652933E+00 0.652765E+00 0.652587E+00 0.652403E+00 0.652213E+00 0.652021E+00
 0.651830E+00 0.651642E+00 0.651461E+00 0.651292E+00 0.651137E+00 0.651001E+00 0.650888E+00 0.650800E+00 0.650740E+00 0.650709E+00
 0.619566E+00 0.619554E+00 0.619530E+00 0.619495E+00 0.619448E+00 0.619388E+00 0.619316E+00 0.619231E+00 0.619132E+00 0.619021E+00
 0.618895E+00 0.618756E+00 0.618604E+00 0.618438E+00 0.618259E+00 0.618068E+00 0.617867E+00 0.617656E+00 0.617439E+00 0.617217E+00
 0.616995E+00 0.616777E+00 0.616565E+00 0.616366E+00 0.616184E+00 0.616023E+00 0.615889E+00 0.615784E+00 0.615712E+00 0.615676E+00
 0.585030E+00 0.585018E+00 0.584992E+00 0.584954E+00 0.584903E+00 0.584839E+00 0.584760E+00 0.584668E+00 0.584561E+00 0.584439E+00
 0.584302E+00 0.584149E+00 0.583980E+00 0.583796E+00 0.583596E+00 0.583382E+00 0.583155E+00 0.582916E+00 0.582668E+00 0.582414E+00
 0.582158E+00 0.581904E+00 0.581657E+00 0.581424E+00 0.581209E+00 0.581019E+00 0.580860E+00 0.580735E+00 0.580650E+00 0.580607E+00
 0.550508E+00 0.550494E+00 0.550467E+00 0.550427E+00 0.550372E+00 0.550303E+00 0.550219E+00 0.550120E+00 0.550005E+00 0.549873E+00
 0.549724E+00 0.549557E+00 0.549372E+00 0.549169E+00 0.548948E+00 0.548710E+00 0.548455E+00 0.548185E+00 0.547903E+00 0.547613E+00
 0.547318E+00 0.547023E+00 0.546736E+00 0.546462E+00 0.546209E+00 0.545985E+00 0.545795E+00 0.545647E+00 0.545546E+00 0.545494E+00
 0.515998E+00 0.515984E+00 0.515956E+00 0.515913E+00 0.515856E+00 0.515783E+00 0.515694E+00 0.515588E+00 0.515465E+00 0.515324E+00
 0.515164E+00 0.514983E+00 0.514783E+00 0.514561E+00 0.514318E+00 0.514054E+00 0.513770E+00 0.513467E+00 0.513148E+00 0.512816E+00
 0.512477E+00 0.512136E+00 0.511801E+00 0.511480E+00 0.511181E+00 0.510915E+00 0.510690E+00 0.510513E+00 0.510391E+00 0.510329E+00
 0.481503E+00 0.481488E+00 0.481459E+00 0.481414E+00 0.481354E+00 0.481278E+00 0.481185E+00 0.481074E+00 0.480944E+00 0.480794E+00
 0.480623E+00 0.480430E+00 0.480214E+00 0.479974E+00 0.479708E+00 0.479418E+00 0.479103E+00 0.478764E+00 0.478404E+00 0.478027E+00
 0.477638E+00 0.477243E+00 0.476852E+00 0.476474E+00 0.476121E+00 0.475805E+00 0.475535E+00 0.475323E+00 0.475177E+00 0.475103E+00
 0.447023E+00 0.447007E+00 0.446977E+00 0.446931E+00 0.446869E+00 0.446790E+00 0.446693E+00 0.446578E+00 0.446442E+00 0.446285E+00
 0.446105E+00 0.445900E+00 0.445670E+00 0.445411E+00 0.445124E+00 0.444807E+00 0.444460E+00 0.444083E+00 0.443679E+00 0.443251E+00
 0.442804E+00 0.442347E+00 0.441890E+00 0.441445E+00 0.441025E+00 0.440647E+00 0.440323E+00 0.440068E+00 0.439892E+00 0.439802E+00
 0.412557E+00 0.412542E+00 0.412511E+00 0.412464E+00 0.412401E+00 0.412320E+00 0.412221E+00 0.412102E+00 0.411962E+00 0.411799E+00
 0.411611E+00 0.411397E+00 0.411153E+00 0.410878E+00 0.410570E+00 0.410226E+00 0.409846E+00 0.409429E+00 0.408977E+00 0.408492E+00
 0.407981E+00 0.407451E+00 0.406916E+00 0.406389E+00 0.405888E+00 0.405434E+00 0.405043E+00 0.404734E+00 0.404520E+00 0.404410E+00
 0.378107E+00 0.378092E+00 0.378061E+00 0.378014E+00 0.377950E+00 0.377869E+00 0.377768E+00 0.377648E+00 0.377505E+00 0.377338E+00
 0.377145E+00 0.376922E+00 0.376668E+00 0.376378E+00 0.376050E+00 0.375681E+00 0.375269E+00 0.374811E+00 0.374307E+00 0.373761E+00
 0.373176E+00 0.372562E+00 0.371932E+00 0.371306E+00 0.370706E+00 0.370156E+00 0.369682E+00 0.369305E+00 0.369044E+00 0.368910E+00
 0.343672E+00 0.343657E+00 0.343626E+00 0.343580E+00 0.343517E+00 0.343436E+00 0.343336E+00 0.343215E+00 0.343072E+00 0.342903E+00
 0.342707E+00 0.342480E+00 0.342217E+00 0.341916E+00 0.341572E+00 0.341180E+00 0.340737E+00 0.340238E+00 0.339681E+00 0.339067E+00
 0.338399E+00 0.337687E+00 0.336946E+00 0.336198E+00 0.335473E+00 0.334803E+00 0.334222E+00 0.333760E+00 0.333440E+00 0.333276E+00
 0.309253E+00 0.309238E+00 0.309208E+00 0.309163E+00 0.309101E+00 0.309022E+00 0.308924E+00 0.308806E+00 0.308664E+00 0.308497E+00
 0.308301E+00 0.308072E+00 0.307806E+00 0.307498E+00 0.307141E+00 0.306731E+00 0.306260E+00 0.305723E+00 0.305112E+00 0.304427E+00
 0.303668E+00 0.302842E+00 0.301966E+00 0.301067E+00 0.300184E+00 0.299361E+00 0.298645E+00 0.298074E+00 0.297679E+00 0.297477E+00
 0.274848E+00 0.274834E+00 0.274805E+00 0.274762E+00 0.274703E+00 0.274628E+00 0.274533E+00 0.274419E+00 0.274282E+00 0.274119E+00
 0.273927E+00 0.273701E+00 0.273436E+00 0.273127E+00 0.272765E+00 0.272343E+00 0.271851E+00 0.271280E+00 0.270619E+00 0.269861E+00
 0.269003E+00 0.268047E+00 0.267009E+00 0.265922E+00 0.264835E+00 0.263813E+00 0.262921E+00 0.262213E+00 0.261725E+00 0.261477E+00
 0.240457E+00 0.240444E+00 0.240417E+00 0.240377E+00 0.240322E+00 0.240251E+00 0.240163E+00 0.240055E+00 0.239925E+00 0.239770E+00
 0.239587E+00 0.239369E+00 0.239112E+00 0.238808E+00 0.238449E+00 0.238024E+00 0.237521E+00 0.236926E+00 0.236223E+00 0.235397E+00
 0.234435E+00 0.233333E+00 0.232101E+00 0.230775E+00 0.229421E+00 0.228134E+00 0.227013E+00 0.226132E+00 0.225531E+00 0.225228E+00
 0.206079E+00 0.206067E+00 0.206043E+00 0.206007E+00 0.205957E+00 0.205892E+00 0.205812E+00 0.205713E+00 0.205594E+00 0.205451E+00
 0.205280E+00 0.205077E+00 0.204834E+00 0.204545E+00 0.204199E+00 0.203783E+00 0.203283E+00 0.202680E+00 0.201950E+00 0.201067E+00
 0.200007E+00 0.198749E+00 0.197288E+00 0.195657E+00 0.193942E+00 0.192289E+00 0.190866E+00 0.189770E+00 0.189040E+00 0.188677E+00
 0.171713E+00 0.171703E+00 0.171682E+00 0.171650E+00 0.171606E+00 0.171550E+00 0.171479E+00 0.171392E+00 0.171286E+00 0.171159E+00
 0.171006E+00 0.170823E+00 0.170603E+00 0.170338E+00 0.170018E+00 0.169627E+00 0.169149E+00 0.168560E+00 0.167828E+00 0.166916E+00
 0.165778E+00 0.164366E+00 0.162645E+00 0.160622E+00 0.158399E+00 0.156216E+00 0.154389E+00 0.153044E+00 0.152181E+00 0.151762E+00
 0.137357E+00 0.137349E+00 0.137331E+00 0.137305E+00 0.137268E+00 0.137221E+00 0.137162E+00 0.137089E+00 0.137000E+00 0.136893E+00
 0.136763E+00 0.136607E+00 0.136417E+00 0.136188E+00 0.135906E+00 0.135559E+00 0.135127E+00 0.134582E+00 0.133888E+00 0.132991E+00
 0.131823E+00 0.130294E+00 0.128304E+00 0.125787E+00 0.122816E+00 0.119786E+00 0.117432E+00 0.115837E+00 0.114877E+00 0.114429E+00
 0.103010E+00 0.103004E+00 0.102990E+00 0.102970E+00 0.102941E+00 0.102905E+00 0.102859E+00 0.102802E+00 0.102732E+00 0.102648E+00
 0.102546E+00 0.102423E+00 0.102272E+00 0.102088E+00 0.101861E+00 0.101577E+00 0.101217E+00 0.100754E+00 0.100148E+00 0.993380E-01
 0.982295E-01 0.966814E-01 0.944898E-01 0.914058E-01 0.872931E-01 0.826797E-01 0.797143E-01 0.779945E-01 0.770602E-01 0.766486E-01
 0.686696E-01 0.686651E-01 0.686560E-01 0.686420E-01 0.686227E-01 0.685977E-01 0.685662E-01 0.685272E-01 0.684796E-01 0.684217E-01
 0.683514E-01 0.682659E-01 0.681612E-01 0.680323E-01 0.678717E-01 0.676693E-01 0.674097E-01 0.670700E-01 0.666140E-01 0.659827E-01
 0.650753E-01 0.637128E-01 0.615681E-01 0.580536E-01 0.522706E-01 0.439255E-01 0.407516E-01 0.393668E-01 0.387209E-01 0.384565E-01
 0.343337E-01 0.343314E-01 0.343268E-01 0.343197E-01 0.343099E-01 0.342972E-01 0.342812E-01 0.342614E-01 0.342372E-01 0.342077E-01
 0.341718E-01 0.341280E-01 0.340742E-01 0.340078E-01 0.339247E-01 0.338192E-01 0.336827E-01 0.335019E-01 0.332548E-01 0.329034E-01
 0.323763E-01 0.315263E-01 0.300161E-01 0.269700E-01 0.198101E-01 0.000000E+00 0.000000E+00 0.000000E+00 0.000000E+00 0.000000E+00
 0.000000E+00 0.000000E+00 0.000000E+00 0.000000E+00 0.000000E+00 0.000000E+00 0.000000E+00 0.000000E+00 0.000000E+00 0.000000E+00
 0.000000E+00 0.000000E+00 0.000000E+00 0.000000E+00 0.000000E+00 0.000000E+00 0.000000E+00 0.000000E+00 0.000000E+00 0.000000E+00
 0.000000E+00 0.000000E+00 0.000000E+00 0.000000E+00 0.000000E+00 0.000000E+00 0.000000E+00 0.000000E+00 0.000000E+00 0.000000E+00
